function [A,C,K,V] = stateSpaceEstimateNaN(data,mo)
pkg load control
data = [[0.5377954840660095, -2.086505174636841, 0.1, 0.556, 0.6189931035041809, 1.4756412506103516; 0.9739956259727478, 0.6340157985687256, -2.1969265937805176, 1.6438997983932495, 1.0405497550964355, -0.11031049489974976;-1.287909984588623, -0.7515549659729004, 2.3049159049987793, 2.0318028926849365, 1.2382508516311646, 0.6441390514373779;1.8942471742630005, 1.918997049331665, 1.1107957363128662, 1.2503540515899658, 1.1666488647460938, -2.2903850078582764;-3.0224452018737793, -2.2167725563049316, -2.944246292114258, 1.0345127582550049, -2.0651819705963135, 0.9472901821136475;0.08813042938709259, 3.1824262142181396, 3.191239833831787, -0.41823169589042664, -0.015013491734862328, -0.7154943943023682;-0.954047441482544, -0.4060152471065521, 0.16005396842956543, -1.0991566181182861, -1.4539713859558105, -0.3351437449455261;-0.7880038619041443, 0.5387641787528992, 1.6477028131484985, -1.8882592916488647, 0.22760488092899323, 0.680395245552063;1.8173052072525024, 1.5574567317962646, -1.380418062210083, -1.3600492477416992, -3.4673709869384766, 0.021752536296844482;-3.0825095176696777, -1.2522597312927246, 2.36773681640625, -1.5036087036132812, 0.30856627225875854, 0.5762349367141724;-0.4945119321346283, 1.8454023599624634, 0.49717819690704346, -1.1581215858459473, -0.9076264500617981, -0.7711375951766968;-1.4633983373641968, -1.4462145566940308, -0.35006582736968994, -2.6821975708007812, -2.6849124431610107, 2.7973034381866455;0.9615283608436584, 2.181290864944458, -0.0432223305106163, -3.444365978240967, 1.5283461809158325, -0.49085843563079834;-0.33534640073776245, -0.8772616982460022, 1.6014093160629272, -1.6700283288955688, -1.2474102973937988, 0.9402791261672974;-1.6061997413635254, 0.21264998614788055, 0.5518806576728821, -1.6803115606307983, -0.12121503055095673, -2.1146140098571777;-1.2908108234405518, -0.3118744492530823, 0.047886740416288376, -0.7078886032104492, -0.8743398189544678, 1.8416740894317627;0.8608060479164124, 1.1056180000305176, 2.645585298538208, -2.6157777309417725, 1.9655746221542358, 0.6330182552337646;-2.442689895629883, 1.3511126041412354, -0.0644158273935318, -1.5092394351959229, -1.5384713411331177, -0.47232216596603394;0.30458053946495056, 1.3068182468414307, 0.7439325451850891, -1.567309021949768, -2.1430532932281494, 0.6425681114196777;-0.9144355654716492, -0.18575899302959442, 1.0989207029342651, -1.206739068031311, -0.9489583373069763, -2.7860584259033203;-1.4610689878463745, -2.542308807373047, 0.9173047542572021, -0.3883823752403259, -2.3795270919799805, 2.228576898574829;-0.9332062005996704, 2.7876060009002686, 0.8622707724571228, -0.5318583250045776, 3.2500312328338623, -2.801673412322998;-0.05462120100855827, 0.7180156707763672, 1.9011191129684448, 0.11763038486242294, -2.1461358070373535, 0.2613595724105835;0.37873947620391846, 0.230718731880188, -1.7091141939163208, -1.3611409664154053, 2.3955934047698975, 1.6373600959777832;-0.6550270915031433, 0.32048100233078003, -1.4512298107147217, -2.2414798736572266, -0.45170873403549194, -0.92684406042099;1.980056881904602, -0.8030540943145752, 2.2998602390289307, -1.382154107093811, -0.928300678730011, 1.4629144668579102;-1.6279573440551758, -1.169561505317688, 0.05784248188138008, -2.5131678581237793, 0.865953803062439, -0.7358112931251526;1.6869332790374756, 0.35433852672576904, -0.0474739596247673, -2.1009490489959717, -0.7393776774406433, 1.4362046718597412;1.6678054332733154, 0.1467915028333664, 0.855164647102356, -2.919264793395996, -0.27316874265670776, -2.3907041549682617;-2.2637147903442383, -2.3418357372283936, -2.3489720821380615, -3.4448916912078857, -2.5741231441497803, 0.4628395438194275;1.3888435363769531, 1.7741279602050781, -1.4102823734283447, -3.130979537963867, -1.2747802734375, -1.2023088932037354;0.8348239064216614, -0.919185996055603, -0.3717150092124939, -3.0937652587890625, -2.163184881210327, 1.1881639957427979;-0.10161946713924408, -0.12759093940258026, -1.0107935667037964, -2.995882511138916, -0.15196414291858673, 1.4993435144424438;0.9679137468338013, 0.961320161819458, -1.6186587810516357, -2.224827766418457, 1.6612093448638916, -0.1292462944984436;2.1395676136016846, -0.2438843846321106, 0.8711998462677002, 0.6918935775756836, -1.646812915802002, 2.193800210952759;0.4774645268917084, 1.9390321969985962, 1.0049971342086792, -0.2717457711696625, 0.16047334671020508, -2.3763720989227295;2.4755423069000244, -3.134913921356201, 0.796613872051239, -1.152571678161621, -1.5488057136535645, 1.516882061958313;1.1731544733047485, -0.14923343062400818, -0.27209097146987915, -3.415731906890869, 2.9939098358154297, 0.4104313254356384;0.2888392210006714, 0.3636477589607239, -1.065147042274475, -1.3823368549346924, 1.6717770099639893, 0.7009128332138062;-0.273144006729126, 0.25085049867630005, 1.1509788036346436, 0.4929385781288147, -0.10922549664974213, 0.26031333208084106;-1.337104320526123, -0.27690592408180237, -2.7001564502716064, 0.5438129901885986, 0.0850132554769516, -0.5438857674598694;0.9253942966461182, -0.36581355333328247, 0.7761275768280029, 3.632554531097412, 0.7585625648498535, 0.5052130818367004;-1.2552366256713867, 1.985460638999939, 0.37491434812545776, 3.070624351501465, 1.6430903673171997, 0.16210904717445374;-1.909096121788025, 0.8401762247085571, 1.6609528064727783, 1.895363450050354, 0.5514991879463196, -1.1416046619415283;1.1370186805725098, 0.048852719366550446, -1.2954517602920532, 0.7177154421806335, 0.12234016507863998, 0.7514678239822388;0.36784762144088745, 0.5508524775505066, -0.8035058379173279, 0.3270905911922455, -1.1308704614639282, -0.8192660808563232;-0.4183960556983948, -1.5501171350479126, -0.08922354131937027, -0.14118121564388275, -0.7536191344261169, 1.8808315992355347;-2.1282505989074707, 1.9810577630996704, 0.6398411989212036, 0.029529815539717674, 2.0030786991119385, 1.6068761348724365;-0.01924649439752102, 1.711464524269104, -0.9836068749427795, 1.4331425428390503, 1.0119984149932861, -1.4464402198791504;-0.02981051243841648, -1.0267680883407593, -0.31102076172828674, 1.994999885559082, -0.6970336437225342, 0.5140604972839355;-0.2481822669506073, 1.0031440258026123, -1.3869768381118774, 0.6707696914672852, 1.7837541103363037, -0.9147295951843262;-1.1580086946487427, 1.2193223237991333, 1.2336523532867432, 2.4616572856903076, 0.08386002480983734, 0.9485844373703003;2.2120964527130127, 2.2399730682373047, 1.2105450630187988, 3.4571151733398438, 0.8517807722091675, -1.0583735704421997;0.5532804727554321, -1.138187289237976, 0.05247795581817627, 1.0873302221298218, -0.05737151950597763, 0.01793009042739868;-0.6547173261642456, -0.014990964904427528, 0.4244387745857239, 0.24221231043338776, 1.4050148725509644, -0.40009018778800964;-1.335935115814209, -0.9305179119110107, 0.41913512349128723, -0.08259861171245575, 0.2715817391872406, 0.34745460748672485;-2.2836508750915527, 1.3554356098175049, 1.068796157836914, 0.45200034976005554, -0.7498198747634888, -0.06851454824209213;-1.1836491823196411, 1.300080418586731, 0.30505967140197754, 1.6735286712646484, -0.15434883534908295, -0.19822458922863007;-1.168239712715149, 0.6687880754470825, -0.19014297425746918, 2.389190435409546, 1.0216724872589111, -0.6017283201217651;0.6892346739768982, 0.46956706047058105, 1.1511330604553223, 4.292043685913086, -0.3859930634498596, -0.5471704602241516;-0.3554522395133972, 1.527645468711853, 1.9058661460876465, 3.324744701385498, -0.6067340970039368, 0.1824912130832672;-1.8392577171325684, 0.35892820358276367, 0.4858705997467041, 2.3157780170440674, -0.1859520524740219, 2.012505292892456;0.09814722090959549, 3.909299850463867, 0.6762186288833618, 2.037036418914795, 1.1393851041793823, -1.719311237335205;-1.9674445390701294, -1.163246750831604, 0.9318943619728088, 0.546054482460022, -0.3165382742881775, 2.6903510093688965;-1.7447865009307861, 3.4516608715057373, 2.8551974296569824, -2.0900988578796387, 1.2244921922683716, -0.972601056098938;1.6362413167953491, 